transform_matrix_lidar1: [-0.681064, -0.730351, 0.052336, -2.32, 0.731354, -0.681998, 1.86265e-09, 7.65, 0.035693, 0.0382761, 0.99863, 0.165, 0, 0, 0, 1]
transform_matrix_lidar2: [0.707107, -0.707107, 0, 2.3, 0.707107, 0.707107, 0, 7.4, 0, 0, 1, 0.125, 0, 0, 0, 1]
transform_matrix_lidar3: [0.0174524, -0.999848, 0, -0.8, 0.996043, 0.017386, -0.0871557, -0.45, 0.0871425, 0.00152108, 0.996195, 0, 0, 0, 0, 1]
